0 0.13470206176035504 0.3378126155695266 0.07211538461538461 0.06009615384615385
0 0.3258049417529586 0.34267231416420113 0.06971153846153846 0.10336538461538461
0 0.5109357664571006 0.21522801867603553 0.0985576923076923 0.06971153846153846
0 0.7452847633136095 0.7982098280325444 0.07692307692307693 0.11057692307692307
0 0.8847309541420117 0.7536780001849113 0.09615384615384616 0.06009615384615385
0 0.8402915819156805 0.6875751201923077 0.12259615384615384 0.0625
0 0.7501097910502958 0.6767722586908285 0.09134615384615384 0.07451923076923077
0 0.622677052514793 0.5710608126849113 0.0673076923076923 0.12259615384615384
0 0.5253472864275148 0.5265636556952663 0.0889423076923077 0.10096153846153846
0 0.5240962463017751 0.5866366956360947 0.04807692307692308 0.08173076923076923
