0 0.6358895386464497 0.8017549232618344 0.06009615384615385 0.06009615384615385
0 0.32582805565828404 0.7091750647189349 0.0889423076923077 0.03365384615384615
0 0.2897299140162722 0.6178751386834319 0.055288461538461536 0.07211538461538461
0 0.42793662167159763 0.8221731693786982 0.04326923076923077 0.04807692307692308
0 0.580647304918639 0.49526742788461536 0.0985576923076923 0.0625
0 0.4628299509985207 0.5697635447485208 0.07451923076923077 0.04326923076923077
0 0.3546568740754438 0.5193174463757396 0.07451923076923077 0.07211538461538461
0 0.33425596338757396 0.2560934032914201 0.10096153846153846 0.06971153846153846
0 0.5890058709319527 0.1346789478550296 0.052884615384615384 0.052884615384615384
0 0.6983895386464497 0.2717328494822485 0.06009615384615385 0.08173076923076923
0 0.8257933848002958 0.238073224852071 0.06009615384615385 0.07692307692307693
