0 0.046987680288461536 0.0024674093934911245 0.09375 0.052884615384615384
0 0.25728665865384615 0.1791703263683432 0.0625 0.06971153846153846
0 0.03374630177514793 0.5770386464497042 0.07692307692307693 0.09615384615384616
0 0.1491771449704142 0.6863414154955622 0.11538461538461539 0.036057692307692304
0 0.5170002773668639 0.0589491262943787 0.14423076923076922 0.04567307692307692
0 0.5168904863165681 0.43038669563609466 0.052884615384615384 0.08173076923076923
0 0.5950357109837279 0.26207701553254437 0.06971153846153846 0.04807692307692308
0 0.5962751941568047 0.6575992742233728 0.10096153846153846 0.12259615384615384
0 0.12274061575443787 0.7465069110576923 0.1201923076923077 0.09375
0 0.4424983820266272 0.7801029724482249 0.15865384615384615 0.04567307692307692
