0 0.09023379715236686 0.15875785872781065 0.07451923076923077 0.08653846153846154
0 0.29099251109467456 0.1335376987795858 0.10576923076923077 0.10336538461538461
0 0.3125924556213018 0.17674914478550294 0.07692307692307693 0.055288461538461536
0 0.5481636002218935 0.5469876802884616 0.07211538461538461 0.09375
0 0.6214664617233728 0.5951050526997042 0.06009615384615385 0.12740384615384615
0 0.01575501571745562 0.8090011325813609 0.10817307692307693 0.0889423076923077
0 0.2067943324704142 0.7056415264423077 0.052884615384615384 0.09375
0 0.41478192030325445 0.6371116863905326 0.0985576923076923 0.07692307692307693
0 0.5229549972263313 0.7272472494452663 0.0985576923076923 0.06971153846153846
0 0.7993973049186391 0.04580598187869822 0.0985576923076923 0.11057692307692307
