0 0.7873665171967456 0.9087058524408285 0.0889423076923077 0.04326923076923077
0 0.7777280186760355 0.5109646588387574 0.06971153846153846 0.12259615384615384
0 0.6984357664571006 0.5998549602440828 0.0985576923076923 0.07932692307692307
0 0.6503068370931953 0.6118568555843196 0.055288461538461536 0.06490384615384616
0 0.5228972124630178 0.5541876617973374 0.05048076923076923 0.08413461538461539
0 0.44718472633136097 0.6010771079881657 0.057692307692307696 0.09615384615384616
0 0.2680952986316568 0.6395617603550297 0.055288461538461536 0.11538461538461539
0 0.22844628328402367 0.623887643306213 0.0673076923076923 0.07451923076923077
0 0.2116771449704142 0.5277164617233727 0.11538461538461539 0.06009615384615385
0 0.30904736039201186 0.5746001294378698 0.12740384615384615 0.0673076923076923
0 0.14909624630177515 0.35715317585059175 0.04807692307692308 0.15144230769230768
0 0.5024905232988165 0.3270270894970414 0.07211538461538461 0.08653846153846154
0 0.8678866956360947 0.19359918176775148 0.08173076923076923 0.07451923076923077
0 0.9051607572115384 0.1467501849112426 0.09375 0.09615384615384616
0 0.9099511140902367 0.08544921875 0.07932692307692307 0.09375
