0 0.03733762481508876 0.5698502218934911 0.06490384615384616 0.11538461538461539
0 0.08420395710059171 0.7416703263683432 0.057692307692307696 0.06971153846153846
0 0.1803809171597633 0.7512741540310651 0.07692307692307693 0.06009615384615385
0 0.20563574796597633 0.5601712740384616 0.0889423076923077 0.0625
0 0.25008089866863903 0.48683952015532544 0.0673076923076923 0.05048076923076923
0 0.3582944249260355 0.4916876617973373 0.10096153846153846 0.08413461538461539
0 0.5373722956730769 0.698395317122781 0.09375 0.06490384615384616
0 0.3522299140162722 0.8750751201923077 0.055288461538461536 0.0625
0 0.45321456638313606 0.822265625 0.07451923076923077 0.125
0 0.573377981693787 0.8690683940458579 0.05048076923076923 0.06490384615384616
0 0.5421337601701184 0.9495770155325444 0.055288461538461536 0.04807692307692308
0 0.8198039940828402 0.9123202893860947 0.07692307692307693 0.05048076923076923
0 0.6683559079142012 0.7224453356139053 0.07211538461538461 0.07451923076923077
0 0.5733837601701184 0.6539328309911242 0.055288461538461536 0.07211538461538461
0 0.6250866771449703 0.6238645294008875 0.07211538461538461 0.055288461538461536
0 0.5914501664201184 0.5734010955991125 0.08653846153846154 0.06971153846153846
0 0.7549001479289941 0.6407145663831362 0.07692307692307693 0.07451923076923077
0 0.8606347078402367 0.670753975591716 0.04807692307692308 0.0673076923076923
