0 0.4159982895710059 0.2861385909763313 0.11057692307692307 0.0673076923076923
0 0.5349337786612426 0.36312523113905326 0.06490384615384616 0.1201923076923077
0 0.6010366586538461 0.4292281111316568 0.0625 0.11778846153846154
0 0.4352232803254438 0.40633089866863903 0.10576923076923077 0.0673076923076923
0 0.4376155695266272 0.4315741725221894 0.09615384615384616 0.06971153846153846
0 0.3558096801035503 0.4316261788091716 0.03365384615384615 0.11298076923076923
0 0.28374052329881655 0.47605399408284027 0.07211538461538461 0.07692307692307693
0 0.3402280186760355 0.3030348557692308 0.06971153846153846 0.125
0 0.3162242279955621 0.20081072022928995 0.0985576923076923 0.07451923076923077
0 0.3726770525147929 0.12509823409763315 0.0673076923076923 0.08173076923076923
0 0.5229781111316568 0.1551665356878698 0.11778846153846154 0.0985576923076923
0 0.8450530464127219 0.0661837786612426 0.08413461538461539 0.06490384615384616
