0 0.04701079419378698 0.10357340976331361 0.11298076923076923 0.17307692307692307
0 0.16473569249260356 0.18879148946005916 0.06009615384615385 0.07451923076923077
0 0.18155683709319526 0.05779054178994082 0.055288461538461536 0.08173076923076923
0 0.40995111409023666 0.21051856046597633 0.07932692307692307 0.15144230769230768
0 0.19841265255177515 0.66956072022929 0.07932692307692307 0.07451923076923077
0 0.823377981693787 0.37267127403846156 0.05048076923076923 0.0625
0 0.7837174093934911 0.3269808616863905 0.052884615384615384 0.04807692307692308
0 0.8787473419008875 0.22242222170857986 0.11778846153846154 0.055288461538461536
0 0.5000866771449703 0.08543188332100592 0.07211538461538461 0.07932692307692307
0 0.6803693602071006 0.2308270155325444 0.0673076923076923 0.04807692307692308
0 0.6202674278846154 0.24886452940088757 0.0625 0.055288461538461536
0 0.6695722771819527 0.07819723095414202 0.08413461538461539 0.06009615384615385
0 0.8017953725961539 0.039753027921597635 0.09375 0.07451923076923077
