0 0.07100880639792899 0.581823224852071 0.07932692307692307 0.07692307692307693
0 0.14432900332840237 0.4496405787721894 0.08173076923076923 0.10096153846153846
0 0.13471361871301776 0.38832805565828404 0.08173076923076923 0.0889423076923077
0 0.026563655695266274 0.29334435096153844 0.10096153846153846 0.0625
0 0.020528037167159764 0.13354925573224852 0.07932692307692307 0.11298076923076923
0 0.37392231416420113 0.2933501294378698 0.10336538461538461 0.0673076923076923
0 0.49173388960798814 0.2873434032914201 0.12259615384615384 0.06971153846153846
0 0.5722193971893491 0.4472482895710059 0.08653846153846154 0.11057692307692307
0 0.718813563239645 0.8150540865384616 0.052884615384615384 0.125
0 0.7404770710059172 0.503770455806213 0.07692307692307693 0.13701923076923078
0 0.7549810465976331 0.28979347725591714 0.14423076923076922 0.10817307692307693
0 0.500144461908284 0.1503299509985207 0.1201923076923077 0.07451923076923077
0 0.6046510955991125 0.07948294193786982 0.06971153846153846 0.12980769230769232
