0 0.1215069110576923 0.5289212740384616 0.09375 0.0625
0 0.07698664016272189 0.556568394045858 0.052884615384615384 0.06490384615384616
0 0.13835116956360946 0.6106462647928994 0.10817307692307693 0.057692307692307696
0 0.12034254807692307 0.6442885539940828 0.125 0.04807692307692308
0 0.6154886279585798 0.5650425295857988 0.08653846153846154 0.11538461538461539
0 0.7152337971523669 0.4159867326183432 0.07451923076923077 0.10096153846153846
0 0.42677803716715973 0.11907417252218934 0.07932692307692307 0.06971153846153846
0 0.766873150887574 0.3138492742233728 0.038461538461538464 0.12259615384615384
0 0.8462694156804733 0.16593472633136097 0.09615384615384616 0.057692307692307696
0 0.8390809911242604 0.04694723095414201 0.11538461538461539 0.06009615384615385
0 0.7801665356878699 0.08542610484467456 0.0985576923076923 0.07451923076923077
