0 0.323377981693787 0.8726712740384616 0.05048076923076923 0.0625
0 0.2837174093934911 0.8269808616863905 0.052884615384615384 0.04807692307692308
0 0.37874734190088755 0.7224222217085798 0.11778846153846154 0.055288461538461536
0 0.4748087324334319 0.7644750832100592 0.040865384615384616 0.04326923076923077
0 8.66771449704142e-05 0.5854318833210059 0.07211538461538461 0.07932692307692307
0 0.18036936020710057 0.7308270155325444 0.0673076923076923 0.04807692307692308
0 0.12026742788461539 0.7488645294008875 0.0625 0.055288461538461536
0 0.16957227718195267 0.578197230954142 0.08413461538461539 0.06009615384615385
0 0.30179537259615385 0.5397530279215976 0.09375 0.07451923076923077
0 0.5974222217085798 0.7308905787721893 0.055288461538461536 0.10096153846153846
0 0.6912357849482249 0.7789154955621301 0.10817307692307693 0.057692307692307696
0 0.7079933663091715 0.7212405232988165 0.05048076923076923 0.07211538461538461
0 0.12147224019970414 0.2512914894600592 0.06490384615384616 0.07451923076923077
0 0.020533815643491125 0.16241852348372782 0.08413461538461539 0.13221153846153846
0 0.13471361871301776 0.1527280186760355 0.08173076923076923 0.06971153846153846
0 0.19836642474112426 0.23445878790680474 0.040865384615384616 0.06971153846153846
0 0.22360969859467456 0.2681068555843195 0.04326923076923077 0.06490384615384616
0 0.3378588433801775 0.28857132951183434 0.0985576923076923 0.09134615384615384
0 0.3258164987056213 0.36185685558431957 0.07932692307692307 0.06490384615384616
0 0.30776164940828404 0.22122896634615385 0.057692307692307696 0.0625
0 0.5457655325443788 0.38829338480029585 0.07692307692307693 0.06009615384615385
0 0.5961885170118343 0.5049059264053255 0.028846153846153848 0.08173076923076923
0 0.43880304641272194 0.6467097355769231 0.08413461538461539 0.0625
0 0.48323664016272194 0.7020097540680473 0.052884615384615384 0.07211538461538461
0 0.4099164432322485 0.1623607387204142 0.05048076923076923 0.08413461538461539
0 0.2897299140162722 0.06138764330621302 0.055288461538461536 0.07451923076923077
0 0.3763377172707101 0.06377993250739646 0.11298076923076923 0.06490384615384616
0 0.1731347078402367 0.01329916327662722 0.04807692307692308 0.06490384615384616
0 0.09624052329881658 0.058972240199704144 0.07211538461538461 0.06490384615384616
0 0.500063563239645 0.14431166789940827 0.052884615384615384 0.0673076923076923
0 0.6250520062869823 0.25968472633136097 0.04326923076923077 0.057692307692307696
0 0.6611270340236686 0.3534405048076923 0.057692307692307696 0.0625
0 0.6455107017381656 0.4880558894230769 0.06490384615384616 0.0625
0 0.8534809541420117 0.3666529909393491 0.09615384615384616 0.055288461538461536
0 0.6947693232248521 0.1070664987056213 0.04807692307692308 0.07932692307692307
0 0.7428751386834319 0.1599453356139053 0.07211538461538461 0.07451923076923077
0 0.8053866956360947 0.037349181767751476 0.08173076923076923 0.07451923076923077
0 0.8402337971523669 0.11546551405325443 0.07451923076923077 0.0673076923076923
0 0.9183270155325444 0.15752993250739644 0.04807692307692308 0.06490384615384616
0 0.9135539940828402 0.00610496024408284 0.07692307692307693 0.07932692307692307
0 0.5901991262943788 0.43277898483727806 0.04567307692307692 0.07211538461538461
