0 0.0457655325443787 0.8882933848002958 0.07692307692307693 0.06009615384615385
0 6.356323964497041e-05 0.6443116678994083 0.052884615384615384 0.0673076923076923
0 0.12505200628698224 0.7596847263313609 0.04326923076923077 0.057692307692307696
0 0.16112703402366865 0.8534405048076923 0.057692307692307696 0.0625
0 0.35348095414201186 0.8666529909393491 0.09615384615384616 0.055288461538461536
0 0.5697924371301775 0.7188829049556212 0.0673076923076923 0.11057692307692307
0 0.07579338480029586 0.4940972864275148 0.06009615384615385 0.0889423076923077
0 0.12991170488165682 0.47848095414201186 0.08653846153846154 0.09615384615384616
0 0.19476932322485208 0.6070664987056212 0.04807692307692308 0.07932692307692307
0 0.24287513868343197 0.6599453356139053 0.07211538461538461 0.07451923076923077
0 0.30538669563609466 0.5373491817677515 0.08173076923076923 0.07451923076923077
0 0.4387972679363905 0.5769924186390533 0.07932692307692307 0.057692307692307696
0 0.34023379715236685 0.6154655140532544 0.07451923076923077 0.0673076923076923
0 0.41832701553254437 0.6575299325073964 0.04807692307692308 0.06490384615384616
0 0.4856867141272189 0.4147645848742604 0.09134615384615384 0.08413461538461539
0 0.41355399408284027 0.5061049602440828 0.07692307692307693 0.07932692307692307
0 0.5241135817307693 0.5818174463757396 0.0625 0.07211538461538461
0 0.03737229567307692 0.19839531712278105 0.09375 0.06490384615384616
0 0.07337798169378698 0.369068394045858 0.05048076923076923 0.06490384615384616
0 0.04213376017011834 0.44957701553254437 0.055288461538461536 0.04807692307692308
0 0.31980399408284027 0.41232028938609466 0.07692307692307693 0.05048076923076923
0 0.16835590791420119 0.2224453356139053 0.07211538461538461 0.07451923076923077
0 0.07338376017011834 0.15393283099112426 0.055288461538461536 0.07211538461538461
0 0.1250866771449704 0.12386452940088757 0.07211538461538461 0.055288461538461536
0 0.09145016642011836 0.07340109559911243 0.08653846153846154 0.06971153846153846
0 0.25490014792899407 0.1407145663831361 0.07692307692307693 0.07451923076923077
0 0.36063470784023666 0.17075397559171596 0.04807692307692308 0.0673076923076923
0 0.5289675018491125 0.07101458487426035 0.10096153846153846 0.08413461538461539
