0 0.11307322485207101 0.8763030464127219 0.07692307692307693 0.08413461538461539
0 0.11549440643491125 0.7945838341346154 0.09134615384615384 0.09375
0 0.04457805565828402 0.7332655325443788 0.0889423076923077 0.07692307692307693
0 0.25608762481508873 0.906313563239645 0.06490384615384616 0.052884615384615384
0 0.19358762481508876 0.48568093565088755 0.06490384615384616 0.08653846153846154
0 0.3450010401257396 0.4700472679363905 0.040865384615384616 0.07932692307692307
0 0.38710590791420113 0.5685645109097633 0.07211538461538461 0.04567307692307692
0 0.3786606647559172 0.5397183570636095 0.04567307692307692 0.04567307692307692
0 0.4399731878698225 0.508508806397929 0.057692307692307696 0.07932692307692307
0 0.4904597355769231 0.4676087509245562 0.0625 0.05048076923076923
0 0.4231636002218935 0.6467097355769231 0.07211538461538461 0.0625
0 0.4460145848742604 0.6983837601701184 0.08413461538461539 0.055288461538461536
0 0.44118377866124264 0.8426434217825444 0.06490384615384616 0.07932692307692307
0 0.468813563239645 0.8690568370931953 0.052884615384615384 0.055288461538461536
0 0.6214722401997042 0.7512914894600592 0.06490384615384616 0.07451923076923077
0 0.5205338156434911 0.6624185234837279 0.08413461538461539 0.13221153846153846
0 0.6347136187130177 0.6527280186760355 0.08173076923076923 0.06971153846153846
0 0.6983664247411242 0.7344587879068047 0.040865384615384616 0.06971153846153846
0 0.7236096985946746 0.7681068555843195 0.04326923076923077 0.06490384615384616
0 0.8378588433801776 0.7885713295118344 0.0985576923076923 0.09134615384615384
0 0.8258164987056212 0.8618568555843195 0.07932692307692307 0.06490384615384616
0 0.807761649408284 0.7212289663461539 0.057692307692307696 0.0625
0 0.4327963202662722 0.19240014792899407 0.08653846153846154 0.07692307692307693
0 0.48324241863905326 0.2933559079142012 0.057692307692307696 0.07211538461538461
0 0.3834856924926035 0.3594414524778106 0.06009615384615385 0.055288461538461536
0 0.3210145848742604 0.41713376017011833 0.08413461538461539 0.055288461538461536
0 0.5373376248150887 0.06985022189349112 0.06490384615384616 0.11538461538461539
0 0.5842039571005917 0.2416703263683432 0.057692307692307696 0.06971153846153846
0 0.9099164432322484 0.6623607387204142 0.05048076923076923 0.08413461538461539
0 0.7897299140162721 0.561387643306213 0.055288461538461536 0.07451923076923077
0 0.87633771727071 0.5637799325073964 0.11298076923076923 0.06490384615384616
0 0.6731347078402367 0.5132991632766273 0.04807692307692308 0.06490384615384616
0 0.5962405232988165 0.5589722401997042 0.07211538461538461 0.06490384615384616
0 0.6298712555473374 0.4868626340606509 0.052884615384615384 0.06971153846153846
0 0.6803809171597633 0.2512741540310651 0.07692307692307693 0.06009615384615385
0 0.7056357479659763 0.060171274038461536 0.0889423076923077 0.0625
0 0.717620307877219 0.47606555103550297 0.06009615384615385 0.08653846153846154
0 0.8822924371301776 0.42678381564349116 0.0673076923076923 0.08413461538461539
0 0.8522299140162721 0.3750751201923077 0.055288461538461536 0.0625
