0 0.20446560650887574 0.4772241355399408 0.11538461538461539 0.05048076923076923
0 0.06138186482988166 0.6551260863535503 0.06971153846153846 0.06490384615384616
0 0.32583383413461536 0.4183385724852071 0.09375 0.057692307692307696
0 0.48804433247041423 0.3714953541050296 0.052884615384615384 0.08413461538461539
0 0.7008222771819527 0.5073097725591716 0.08413461538461539 0.08173076923076923
0 0.6479781111316568 0.22362125554733728 0.11778846153846154 0.052884615384615384
0 0.9147530279215977 0.32456545857988167 0.07451923076923077 0.038461538461538464
0 0.4364165356878698 0.783700073964497 0.0985576923076923 0.038461538461538464
0 0.6191146218565089 0.8486328125 0.10336538461538461 0.0625
0 0.6852001664201184 0.8846616124260355 0.08653846153846154 0.038461538461538464
