0 0.8294771634615384 0.854627981693787 0.125 0.05048076923076923
0 0.08419817862426035 0.8005674463757396 0.052884615384615384 0.07211538461538461
0 0.449571237056213 0.6358837601701184 0.04326923076923077 0.055288461538461536
0 0.28736651719674555 0.4087058524408284 0.0889423076923077 0.04326923076923077
0 0.7861154770710059 0.5710203633505917 0.04807692307692308 0.0889423076923077
0 0.7272356924926036 0.3499011880547337 0.06009615384615385 0.11778846153846154
0 0.7452732063609468 0.2656914524778106 0.0673076923076923 0.055288461538461536
0 0.9423539201183432 0.27051070173816566 0.038461538461538464 0.06490384615384616
0 0.8245827940088758 0.06382616031804735 0.052884615384615384 0.10336538461538461
0 0.2777280186760355 0.010964658838757396 0.06971153846153846 0.12259615384615384
0 0.19843576645710057 0.09985496024408283 0.0985576923076923 0.07932692307692307
0 0.15030683709319528 0.11185685558431951 0.055288461538461536 0.06490384615384616
0 0.022897212463017753 0.05418766179733728 0.05048076923076923 0.08413461538461539
