0 0.03976458487426035 0.5157030094304734 0.08413461538461539 0.06490384615384616
0 0.15034150795118342 0.29575397559171596 0.08413461538461539 0.0673076923076923
0 0.3558905787721894 0.19004252958579881 0.10096153846153846 0.11538461538461539
0 0.40757616031804733 0.3450934957470414 0.10336538461538461 0.11778846153846154
0 0.22727036335059173 0.5998549602440828 0.0889423076923077 0.07932692307692307
0 0.578197230954142 0.7200530464127219 0.06009615384615385 0.08413461538461539
0 0.6419598280325444 0.48930692954881655 0.11057692307692307 0.10336538461538461
0 0.6587231878698224 0.22365592640532544 0.057692307692307696 0.08173076923076923
0 0.5301260863535503 0.4580107017381657 0.06490384615384616 0.06490384615384616
0 0.5505558894230769 0.4171395386464497 0.0625 0.06009615384615385
