0 0.4640520987426035 0.059024246486686395 0.09134615384615384 0.10817307692307693
0 0.5818174463757396 0.12266549556213018 0.07211538461538461 0.057692307692307696
0 0.4688829049556213 0.15632512019230768 0.11057692307692307 0.0625
0 0.7946011695636095 0.13591265255177515 0.10817307692307693 0.07932692307692307
0 0.5770213110207101 0.31734814164201186 0.08173076923076923 0.03365384615384615
0 0.4881021172337278 0.38107606786242604 0.10096153846153846 0.055288461538461536
0 0.7681646403476331 0.4014943139792899 0.11298076923076923 0.04326923076923077
0 0.8582655325443788 0.5362021542159764 0.07692307692307693 0.1201923076923077
0 0.9087116309171598 0.6491309171597633 0.04807692307692308 0.07692307692307693
0 0.9015405417899408 0.7344472309541421 0.08173076923076923 0.06009615384615385
0 0.30418766179733725 0.8161953356139053 0.08413461538461539 0.07451923076923077
0 0.3762683755547337 0.8763261603180473 0.055288461538461536 0.10336538461538461
0 0.2909751756656805 0.7224453356139053 0.09134615384615384 0.07451923076923077
0 0.05298284948224852 0.706823224852071 0.08173076923076923 0.07692307692307693
0 0.14918870192307693 0.1803520247781065 0.125 0.052884615384615384
