0 0.11312523113905325 0.7008222771819527 0.1201923076923077 0.08413461538461539
0 0.24767705251479288 0.4568058894230769 0.0673076923076923 0.0625
0 0.4784867326183432 0.35824241863905326 0.10096153846153846 0.057692307692307696
0 0.24528476331360946 0.29820982803254437 0.07692307692307693 0.11057692307692307
0 0.38473095414201186 0.25367800018491127 0.09615384615384616 0.06009615384615385
0 0.34029158191568043 0.18757512019230768 0.12259615384615384 0.0625
0 0.25010979105029585 0.1767722586908284 0.09134615384615384 0.07451923076923077
0 0.4220223511464497 0.03253571098372781 0.12259615384615384 0.06971153846153846
0 0.1226770525147929 0.07106081268491124 0.0673076923076923 0.12259615384615384
0 0.02534728642751479 0.026563655695266274 0.0889423076923077 0.10096153846153846
0 0.024096246301775148 0.08663669563609468 0.04807692307692308 0.08173076923076923
