0 0.38949241863905326 0.9039559448964497 0.057692307692307696 0.09134615384615384
0 0.2765463202662722 0.4580395941198225 0.08653846153846154 0.0889423076923077
0 0.1599511140902367 0.4977117233727811 0.07932692307692307 0.09615384615384616
0 0.19602036335059173 0.5662242279955622 0.0889423076923077 0.0985576923076923
0 0.6431415264423077 0.47002415403106507 0.09375 0.06009615384615385
0 0.8041703263683432 0.5806126340606509 0.06971153846153846 0.06971153846153846
0 0.7525136372041421 0.7596962832840237 0.09134615384615384 0.0673076923076923
0 0.8822866586538461 0.38711746486686394 0.0625 0.08173076923076923
0 0.8690626155695267 0.16112125554733728 0.06009615384615385 0.052884615384615384
0 0.6779770710059172 0.14671551405325445 0.07692307692307693 0.0673076923076923
0 0.5337347448224852 0.11065204326923077 0.0673076923076923 0.0625
