0 0.2813713480029586 0.9207597540680473 0.10096153846153846 0.07211538461538461
0 0.09147328032544379 0.6214606832470414 0.10576923076923077 0.055288461538461536
0 0.3726828309911242 0.8606520432692307 0.07211538461538461 0.0625
0 0.4809021357248521 0.91956072022929 0.11057692307692307 0.07451923076923077
0 0.8257818278476331 0.7296684310281065 0.05048076923076923 0.08413461538461539
0 0.6563540125739645 0.7212116309171598 0.08653846153846154 0.04807692307692308
0 0.6142433663091716 0.717620307877219 0.05048076923076923 0.06009615384615385
0 0.6323386649408285 0.6935645109097633 0.10576923076923077 0.04567307692307692
0 0.35109444341715973 0.2560991817677515 0.11057692307692307 0.07451923076923077
0 0.8318405602810651 0.19840687407544377 0.09134615384615384 0.07451923076923077
0 0.4941955205251479 0.18156839404585798 0.17067307692307693 0.06490384615384616
0 0.7225609051405326 0.1683270155325444 0.17067307692307693 0.04807692307692308
