0 0.47128097263313606 0.8426896495931953 0.10576923076923077 0.11778846153846154
0 0.3089895756286982 0.7753530649038461 0.07932692307692307 0.09375
0 0.2272876987795858 0.7417049972263314 0.10336538461538461 0.0985576923076923
0 0.21408099112426035 0.5950934957470414 0.11538461538461539 0.11778846153846154
0 0.7356982710798816 0.8546510955991125 0.10096153846153846 0.06971153846153846
0 0.7693463387573964 0.8846905048076923 0.09615384615384616 0.0625
0 0.8426780926405326 0.6587636372041421 0.10817307692307693 0.09134615384615384
0 0.6864223141642012 0.6311511880547337 0.10336538461538461 0.11778846153846154
0 0.4833117603550296 0.48927803716715973 0.11538461538461539 0.07932692307692307
0 0.5013146033653846 0.4244030833949704 0.09375 0.10336538461538461
0 0.37753675110946744 0.30417610484467456 0.11057692307692307 0.07451923076923077
0 0.317446375739645 0.22967998798076922 0.11538461538461539 0.09375
0 0.2753299509985207 0.06504252958579881 0.07451923076923077 0.11538461538461539
0 0.46529158191568043 0.006139631102071006 0.12259615384615384 0.10817307692307693
0 0.575874283468935 0.17201657267011833 0.12740384615384615 0.11778846153846154
0 0.8330800434541421 0.32461746486686394 0.12259615384615384 0.08173076923076923
