0 0.3137972679363905 0.4207770894970414 0.07932692307692307 0.08653846153846154
0 0.19121844951923078 0.5361501479289941 0.09375 0.07692307692307693
0 0.09263764330621302 0.5433674648668639 0.07451923076923077 0.08173076923076923
0 0.10467998798076923 0.4772299140162722 0.09375 0.055288461538461536
0 0.6851886094674556 0.8378472864275147 0.07692307692307693 0.0889423076923077
0 0.7164501664201184 0.7296742095044378 0.08653846153846154 0.0889423076923077
0 0.5409636187130178 0.25132038184171596 0.08173076923076923 0.0985576923076923
0 0.4147992557322485 0.42556166789940825 0.11298076923076923 0.0673076923076923
0 0.06619533561390532 0.2464953541050296 0.07451923076923077 0.08413461538461539
0 0.20081649870562132 0.10227614182692307 0.07932692307692307 0.09375
