0 0.0974337786612426 0.681649292714497 0.06490384615384616 0.13221153846153846
0 0.12029054178994084 0.4748434032914201 0.08173076923076923 0.06971153846153846
0 0.020493366309171597 0.34628097263313606 0.05048076923076923 0.10576923076923077
0 0.28014920025887574 0.5145155325443788 0.08413461538461539 0.07692307692307693
0 0.14789721246301776 0.06135297244822486 0.05048076923076923 0.04567307692307692
0 0.5361674833579881 0.8041818833210059 0.09134615384615384 0.07932692307692307
0 0.47609444341715973 0.5481982710798816 0.11057692307692307 0.10096153846153846
0 0.4784867326183432 0.40998578494822485 0.10096153846153846 0.10817307692307693
0 0.4904597355769231 0.3282319018121302 0.0625 0.0889423076923077
0 0.5145155325443788 0.2369030833949704 0.07692307692307693 0.10336538461538461
0 0.4483953171227811 0.07940204326923077 0.06490384615384616 0.0625
0 0.8798885909763314 0.3222714034763313 0.0673076923076923 0.12980769230769232
0 0.7561280741494083 0.43997896634615385 0.0985576923076923 0.0625
0 0.7861385909763314 0.7801492002588758 0.0673076923076923 0.08413461538461539
0 0.9411722217085798 0.8330800434541421 0.055288461538461536 0.12259615384615384
