0 0.04452604937130178 0.4496636926775148 0.04567307692307692 0.1201923076923077
0 0.1059425850591716 0.33420395710059175 0.14423076923076922 0.057692307692307696
0 0.2549117048816568 0.45203864644970415 0.08653846153846154 0.09615384615384616
0 0.45444827107988167 0.6143242649778107 0.10096153846153846 0.11778846153846154
0 0.5277222401997042 0.8391041050295858 0.06490384615384616 0.1346153846153846
0 0.20201553254437868 0.7814175758136095 0.07692307692307693 0.13942307692307693
0 0.13354925573224852 0.1406856740014793 0.11298076923076923 0.05048076923076923
0 0.19357606786242604 0.18522328032544377 0.055288461538461536 0.10576923076923077
0 0.8150078587278107 0.39792610484467456 0.08653846153846154 0.07451923076923077
0 0.5277222401997042 0.2272414709689349 0.06490384615384616 0.06490384615384616
0 0.07820878790680473 0.5662473419008875 0.06971153846153846 0.11778846153846154
