0 0.40634823409763315 0.8774789663461539 0.08173076923076923 0.0625
0 0.40035306490384615 0.6647530279215977 0.09375 0.07451923076923077
0 0.5529770710059172 0.6443174463757396 0.07692307692307693 0.07211538461538461
0 0.841461723372781 0.6719761233357988 0.09615384615384616 0.08413461538461539
0 0.18638764330621302 0.29696456638313606 0.07451923076923077 0.07451923076923077
0 0.3642433663091716 0.2680952986316568 0.05048076923076923 0.055288461538461536
0 0.5733895386464497 0.4580049232618343 0.06009615384615385 0.06009615384615385
0 0.7933674648668638 0.3197924371301775 0.08173076923076923 0.0673076923076923
0 0.35585590791420113 0.045742418639053255 0.07211538461538461 0.057692307692307696
0 0.08423284948224853 0.04217420950443787 0.08173076923076923 0.0889423076923077
