0 0.40995111409023666 0.8354723326553254 0.07932692307692307 0.11298076923076923
0 0.45445982803254437 0.6923828125 0.11057692307692307 0.0625
0 0.12988859097633138 0.5578194341715976 0.0673076923076923 0.10576923076923077
0 0.13229821560650887 0.6383338341346154 0.07211538461538461 0.09375
0 0.02293766179733728 0.5925971939718935 0.08413461538461539 0.040865384615384616
0 0.10823086168639053 0.35469732340976334 0.04807692307692308 0.10817307692307693
0 0.18158572947485208 0.11550596338757396 0.07932692307692307 0.10096153846153846
0 0.7596962832840237 0.03616748335798817 0.0673076923076923 0.09134615384615384
0 0.7200819387943788 0.2260308801775148 0.10817307692307693 0.057692307692307696
0 0.6455742649778107 0.31382038184171596 0.11778846153846154 0.0985576923076923
0 0.0337058524408284 0.11785202477810651 0.04326923076923077 0.052884615384615384
0 0.19114910780325442 0.38108184633875736 0.036057692307692304 0.06009615384615385
