0 0.36069827107988167 0.3222078402366864 0.10096153846153846 0.07692307692307693
0 0.34627519415680474 0.1743741910133136 0.10096153846153846 0.07932692307692307
0 0.547010794193787 0.6035734097633136 0.11298076923076923 0.17307692307692307
0 0.6647356924926036 0.6887914894600592 0.06009615384615385 0.07451923076923077
0 0.6815568370931953 0.5577905417899408 0.055288461538461536 0.08173076923076923
0 0.9099511140902367 0.7105185604659763 0.07932692307692307 0.15144230769230768
0 0.613073224852071 0.37630304641272194 0.07692307692307693 0.08413461538461539
0 0.6154944064349113 0.29458383413461536 0.09134615384615384 0.09375
0 0.544578055658284 0.23326553254437868 0.0889423076923077 0.07692307692307693
0 0.7560876248150887 0.406313563239645 0.06490384615384616 0.052884615384615384
0 0.8871059079142012 0.06856451090976332 0.07211538461538461 0.04567307692307692
0 0.8786606647559172 0.039718357063609475 0.04567307692307692 0.04567307692307692
0 0.9399731878698224 0.008508806397928994 0.057692307692307696 0.07932692307692307
0 0.9231636002218935 0.14670973557692307 0.07211538461538461 0.0625
