0 0.539758806397929 0.8907319018121301 0.07932692307692307 0.0889423076923077
0 0.37630304641272194 0.7969876802884616 0.08413461538461539 0.09375
0 0.23084435096153846 0.8895328679733728 0.0625 0.09134615384615384
0 0.15156365569526625 0.8294020432692307 0.10096153846153846 0.0625
0 0.14913091715976332 0.9111501479289941 0.07692307692307693 0.07692307692307693
0 0.14072612333579881 0.6275020802514792 0.08413461538461539 0.08173076923076923
0 0.1118915264423077 0.39076657267011833 0.09375 0.11778846153846154
0 0.6888492742233728 0.6046453171227811 0.12259615384615384 0.06490384615384616
0 0.6503704003328402 0.6503357294748521 0.10817307692307693 0.07932692307692307
0 0.46169448039940825 0.8317885539940828 0.12980769230769232 0.04807692307692308
0 0.5169598280325444 0.2536837786612426 0.11057692307692307 0.06490384615384616
0 0.3054155880177515 0.20924440643491124 0.10576923076923077 0.09134615384615384
0 0.2477059448964497 0.10827131102071007 0.09134615384615384 0.08173076923076923
