0 0.0890000924556213 0.1010886649408284 0.04807692307692308 0.10576923076923077
0 0.12266549556213018 0.17197034485946747 0.057692307692307696 0.07932692307692307
0 0.2657319018121302 0.16956649870562132 0.0889423076923077 0.07932692307692307
0 0.4147299140162722 0.15400217270710057 0.055288461538461536 0.12980769230769232
0 0.44479821560650884 0.1984184310281065 0.07211538461538461 0.08413461538461539
0 0.3450183755547337 0.4183790218195266 0.055288461538461536 0.09134615384615384
0 0.14914247411242604 0.5962463017751479 0.08653846153846154 0.07692307692307693
0 0.5469876802884616 0.5024674093934911 0.09375 0.052884615384615384
0 0.6863992002588758 0.3137510401257396 0.08413461538461539 0.040865384615384616
0 0.7572866586538461 0.6791703263683432 0.0625 0.06971153846153846
