0 0.35220102163461536 0.4316088433801775 0.03125 0.0985576923076923
0 0.30538669563609466 0.20798758783284022 0.08173076923076923 0.04567307692307692
0 0.28013186482988167 0.4844530094304734 0.06971153846153846 0.06490384615384616
0 0.3329933663091716 0.29700501571745563 0.05048076923076923 0.10817307692307693
0 0.4171568740754438 0.40631934171597633 0.07451923076923077 0.057692307692307696
0 0.5300914154955622 0.3510597725591716 0.036057692307692304 0.08173076923076923
0 0.5962116309171598 0.43277898483727806 0.04807692307692308 0.07211538461538461
0 0.4027569110576923 0.2765000924556213 0.09375 0.04807692307692308
0 0.5193347818047337 0.15390393860946747 0.08653846153846154 0.04807692307692308
0 0.37626259707840237 0.12629148946005916 0.05048076923076923 0.07451923076923077
0 0.8413923816568047 0.06255200628698225 0.038461538461538464 0.04326923076923077
