0 0.5914212740384616 0.8859010955991125 0.0625 0.06971153846153846
0 0.3979607757026627 0.8738818648298816 0.10336538461538461 0.06971153846153846
0 0.12634927422337278 0.5481404863165681 0.12259615384615384 0.052884615384615384
0 0.7104145478920117 0.5854434402736687 0.06490384615384616 0.0889423076923077
0 0.3678693602071006 0.3414154955621302 0.0673076923076923 0.057692307692307696
0 0.34506460336538464 0.37026164940828404 0.09375 0.057692307692307696
0 0.20930219119822485 0.18036358173076922 0.13942307692307693 0.0625
0 0.20322612333579881 0.07582805565828402 0.08413461538461539 0.0889423076923077
0 0.2693521172337278 0.007315551035502959 0.10096153846153846 0.08653846153846154
0 0.4376040125739645 0.0013203818417159762 0.08653846153846154 0.0985576923076923
