0 0.24049440643491124 0.07458279400887574 0.09134615384615384 0.052884615384615384
0 0.3894750832100592 0.0013319387943786982 0.04326923076923077 0.10817307692307693
0 0.8462578587278107 0.17312315088757396 0.08653846153846154 0.038461538461538464
0 0.7716750647189349 0.24648379715236685 0.03365384615384615 0.07451923076923077
0 0.6767549232618344 0.3871290218195266 0.06009615384615385 0.09134615384615384
0 0.41953182784763315 0.48807322485207105 0.05048076923076923 0.07692307692307693
0 0.43882616031804733 0.7440568370931953 0.10336538461538461 0.055288461538461536
0 0.471263637204142 0.8017375878328402 0.09134615384615384 0.04567307692307692
0 0.8486328125 0.43638186482988167 0.0625 0.06971153846153846
0 0.8137625970784023 0.5205049232618343 0.05048076923076923 0.06009615384615385
0 0.2837116309171598 0.8702905417899408 0.04807692307692308 0.08173076923076923
