0 0.006232086723372781 0.7044829419378699 0.18509615384615385 0.12980769230769232
0 0.3499127450073965 0.5853740985576923 0.12740384615384615 0.03125
0 0.36309056028106507 0.6046222032174556 0.09134615384615384 0.04567307692307692
0 0.41951449241863903 0.5289848372781065 0.036057692307692304 0.11538461538461539
0 0.5602117233727811 0.1899731878698225 0.09615384615384616 0.057692307692307696
0 0.6539790588017751 0.17794817862426035 0.11057692307692307 0.052884615384615384
0 0.5854838896079881 0.5769693047337279 0.12259615384615384 0.038461538461538464
0 0.027756911057692308 0.798186714127219 0.09375 0.09134615384615384
0 0.06380882488905325 0.7970223511464497 0.0889423076923077 0.12259615384615384
0 0.5638550526997042 0.7861385909763314 0.12740384615384615 0.0673076923076923
