0 0.1335550342085799 0.17553855399408286 0.11778846153846154 0.04807692307692308
0 0.22245689256656803 0.3366887019230769 0.08413461538461539 0.125
0 0.4087231878698225 0.03733762481508876 0.057692307692307696 0.06490384615384616
0 0.8799001479289941 0.1251617973372781 0.07692307692307693 0.1346153846153846
0 0.5109415449334319 0.531313563239645 0.10336538461538461 0.052884615384615384
0 0.4279770710059172 0.5974337786612426 0.07692307692307693 0.06490384615384616
0 0.2609473234097633 0.6695260493713018 0.10817307692307693 0.04567307692307692
0 0.45566464034763315 0.7068001109467456 0.11298076923076923 0.057692307692307696
0 0.6479838896079883 0.7837694156804733 0.12259615384615384 0.09615384615384616
0 0.6936049602440828 0.748887643306213 0.07932692307692307 0.07451923076923077
