0 0.15160988350591717 0.6791645478920117 0.13942307692307693 0.06490384615384616
0 0.2572808801775148 0.16598095414201183 0.057692307692307696 0.09615384615384616
0 0.05182426497781065 6.934171597633136e-05 0.11778846153846154 0.057692307692307696
0 0.5157723511464497 0.05657417252218935 0.12259615384615384 0.06971153846153846
0 0.5157087879068047 0.4304155880177515 0.06971153846153846 0.10576923076923077
0 0.45198664016272194 0.422010794193787 0.052884615384615384 0.11298076923076923
0 0.01935789571005917 0.5890463202662721 0.10576923076923077 0.08653846153846154
0 0.5962405232988165 0.26329338480029585 0.07211538461538461 0.06009615384615385
0 0.665952061760355 0.03494533561390532 0.07211538461538461 0.07451923076923077
0 0.43649743435650884 0.7837463017751479 0.1658653846153846 0.07692307692307693
0 0.5878935142381657 0.6660445173816568 0.12740384615384615 0.14903846153846154
