0 0.6479261048446746 0.012065458579881656 0.07451923076923077 0.038461538461538464
0 0.668321237056213 0.09383089866863906 0.04326923076923077 0.0673076923076923
0 0.8678346893491125 0.4256021172337278 0.038461538461538464 0.10096153846153846
0 0.752594535872781 0.45079338480029585 0.15865384615384615 0.06009615384615385
0 0.7152164617233728 0.4784578402366864 0.06009615384615385 0.07692307692307693
0 0.6298712555473374 0.39075501571745563 0.052884615384615384 0.10817307692307693
0 0.5733895386464497 0.4363992002588758 0.06009615384615385 0.08413461538461539
0 0.4844992372411242 0.4279770710059172 0.10336538461538461 0.07692307692307693
0 0.4761060003698225 0.5133627265162721 0.1201923076923077 0.11778846153846154
0 0.4628241725221894 0.6671684310281065 0.06971153846153846 0.08413461538461539
0 0.7981809356508875 0.7296222032174556 0.08653846153846154 0.04567307692307692
0 0.8991193602071006 0.8006136741863905 0.0673076923076923 0.11057692307692307
0 0.8450183755547337 0.8342328494822484 0.055288461538461536 0.08173076923076923
0 0.895516480214497 0.6466750647189349 0.06971153846153846 0.03365384615384615
