0 0.8775367511094674 0.8354723326553254 0.11057692307692307 0.11298076923076923
0 0.5674232618343196 0.7993973049186391 0.09615384615384616 0.0985576923076923
0 0.6996636926775147 0.4880963387573965 0.1201923076923077 0.09615384615384616
0 0.3751329049556213 0.7369030833949703 0.11057692307692307 0.10336538461538461
0 0.5217444064349113 0.5361501479289941 0.09134615384615384 0.07692307692307693
0 0.5169482710798816 0.47127519415680474 0.10096153846153846 0.10096153846153846
0 0.8883164987056212 0.3126213480029586 0.07932692307692307 0.10096153846153846
0 0.7176492002588758 0.2862079326923077 0.08413461538461539 0.125
0 0.3414328309911242 0.6491713664940828 0.07211538461538461 0.11057692307692307
0 0.18638764330621302 0.6744204188239645 0.07451923076923077 0.11778846153846154
0 0.2573848927514793 0.7416645478920117 0.14423076923076922 0.06490384615384616
0 0.3523050342085799 0.4315799509985207 0.11778846153846154 0.07451923076923077
0 0.3763492742233728 0.3678635817307692 0.12259615384615384 0.0625
0 0.4352521727071006 0.18999052329881658 0.12980769230769232 0.07211538461538461
0 0.5986732618343196 0.1539848372781065 0.09615384615384616 0.11538461538461539
0 0.21526846801035504 0.09022224019970414 0.10336538461538461 0.06490384615384616
0 0.3918904863165681 0.08427329881656805 0.052884615384615384 0.11538461538461539
0 0.627559865014793 0.03977614182692308 0.12980769230769232 0.09375
0 0.6995943509615384 0.10592524963017752 0.0625 0.12980769230769232
0 0.7957944249260355 0.053017520340236685 0.10096153846153846 0.11057692307692307
