0 0.2861328125 0.8859068740754439 0.0625 0.07451923076923077
0 0.43643964959319526 0.748870307877219 0.11778846153846154 0.06009615384615385
0 0.473696375739645 0.811370307877219 0.11538461538461539 0.06009615384615385
0 0.8426492002588758 0.4399847448224852 0.08413461538461539 0.0673076923076923
0 0.6743395201553254 0.3991598095414201 0.05048076923076923 0.10096153846153846
0 0.4267607017381657 0.49050596338757396 0.06490384615384616 0.10096153846153846
0 0.7825299325073964 0.266954049556213 0.06490384615384616 0.10576923076923077
0 0.8474800064718935 0.1827789848372781 0.10336538461538461 0.07211538461538461
0 0.3847078402366864 0.01459065273668639 0.07692307692307693 0.13942307692307693
0 0.24171655417899407 0.07579338480029586 0.10817307692307693 0.06009615384615385
