0 0.5062320867233727 0.2044829419378698 0.18509615384615385 0.12980769230769232
0 0.37032521264792895 0.26209435096153844 0.11057692307692307 0.0625
0 0.8499127450073964 0.0853740985576923 0.12740384615384615 0.03125
0 0.8630905602810651 0.10462220321745562 0.09134615384615384 0.04567307692307692
0 0.9195144924186391 0.02898483727810651 0.036057692307692304 0.11538461538461539
0 0.764503975591716 0.47616378513313606 0.0673076923076923 0.16826923076923078
0 0.5277569110576923 0.2981867141272189 0.09375 0.09134615384615384
0 0.5638088248890533 0.2970223511464497 0.0889423076923077 0.12259615384615384
0 0.6563829049556212 0.43881460336538464 0.11057692307692307 0.09375
0 0.5649789663461539 0.4316435142381657 0.0625 0.12740384615384615
0 0.4243337416789941 0.41359444341715973 0.04567307692307692 0.11057692307692307
0 0.34142127403846156 0.40761660965236685 0.0625 0.13701923076923078
0 0.3787300064718935 0.6011117788461539 0.10336538461538461 0.125
0 0.21885979105029588 0.4508107202292899 0.09134615384615384 0.07451923076923077
0 0.1359357664571006 0.43401268953402367 0.0985576923076923 0.0985576923076923
