0 0.08303959411982248 0.5938366771449703 0.0889423076923077 0.07211538461538461
0 0.14547603088017752 0.35587324334319526 0.036057692307692304 0.08653846153846154
0 0.19359340329142014 0.33902320636094674 0.06971153846153846 0.0673076923076923
0 0.4147183570636095 0.5434252496301775 0.04567307692307692 0.12980769230769232
0 0.5589491262943788 0.578260794193787 0.04567307692307692 0.11298076923076923
0 0.3666414339866864 0.15757038184171596 0.04567307692307692 0.0985576923076923
0 0.4676203078772189 0.4543962647928994 0.06009615384615385 0.057692307692307696
0 0.5409982895710059 0.4628588433801775 0.11057692307692307 0.0985576923076923
0 0.6611790403106509 0.4448386649408284 0.10096153846153846 0.10576923076923077
0 0.8822693232248521 0.6191435142381656 0.04807692307692308 0.12740384615384615
0 0.5709625785872781 0.22251467732988167 0.040865384615384616 0.13221153846153846
0 0.8859299879807693 0.5421453171227811 0.09375 0.06490384615384616
0 0.8041703263683432 0.342701206545858 0.06971153846153846 0.12740384615384615
0 0.8222193971893491 0.3439291327662722 0.08653846153846154 0.14903846153846154
0 0.5986154770710059 0.13116274500739644 0.04807692307692308 0.12740384615384615
0 0.6226886094674556 0.07341265255177515 0.07692307692307693 0.07932692307692307
0 0.7308327940088758 0.10110600036982248 0.052884615384615384 0.1201923076923077
