0 0.3221616124260355 0.10948768028846154 0.038461538461538464 0.09375
0 0.5878935142381657 0.17552699704142014 0.12740384615384615 0.038461538461538464
0 0.12752519415680472 0.1971789478550296 0.10096153846153846 0.052884615384615384
0 0.16596361871301776 0.2861617048816568 0.08173076923076923 0.08653846153846154
0 0.1467386279585799 0.2656914524778106 0.08653846153846154 0.055288461538461536
0 0.019363674186390532 0.568639631102071 0.11057692307692307 0.10817307692307693
0 0.1576281666050296 0.5313020062869822 0.1466346153846154 0.04326923076923077
0 0.45922129252958577 0.44361073872041423 0.07211538461538461 0.08413461538461539
0 0.6563540125739645 0.47840583394970415 0.08653846153846154 0.03365384615384615
0 0.4784116124260355 0.7200992742233728 0.038461538461538464 0.12259615384615384
0 0.5529886279585798 0.68274431397929 0.08653846153846154 0.04326923076923077
0 0.7248665171967456 0.7031798955251479 0.0889423076923077 0.04567307692307692
0 0.04096361871301775 0.8354087694156805 0.08173076923076923 0.06009615384615385
0 0.23204916327662722 0.7753530649038461 0.06490384615384616 0.09375
0 0.4243337416789941 0.8210550342085798 0.04567307692307692 0.11778846153846154
0 0.7632991632766272 0.8486674833579883 0.06490384615384616 0.09134615384615384
0 0.9039501664201184 0.29695300943047337 0.08653846153846154 0.06490384615384616
0 0.8822924371301776 0.5541587694156804 0.0673076923076923 0.06009615384615385
0 0.7284173909023669 0.040957840236686395 0.04326923076923077 0.07692307692307693
0 0.8858722032174556 0.06259245562130178 0.04567307692307692 0.07692307692307693
