0 0.15393283099112426 0.5830280371671598 0.07211538461538461 0.07932692307692307
0 0.3522761418269231 0.42201657267011833 0.09375 0.11778846153846154
0 0.7572808801775147 0.6659809541420117 0.057692307692307696 0.09615384615384616
0 0.5518242649778107 0.5000693417159764 0.11778846153846154 0.057692307692307696
0 0.6984357664571006 0.3210261418269231 0.0985576923076923 0.09375
0 0.43997896634615385 0.20563574796597633 0.0625 0.0889423076923077
0 0.4087347448224852 0.16241274500739644 0.0673076923076923 0.12740384615384615
0 0.3006541235207101 0.29337324334319526 0.14423076923076922 0.08653846153846154
0 0.24530209874260356 0.18397224019970412 0.09134615384615384 0.06490384615384616
0 0.08543766179733728 0.2464953541050296 0.08413461538461539 0.08413461538461539
0 0.10707805565828402 0.1768184865014793 0.0889423076923077 0.11298076923076923
