0 0.05419344027366864 0.7428982525887574 0.0889423076923077 0.09134615384615384
0 0.009673169378698224 0.5662011140902367 0.04807692307692308 0.07932692307692307
0 0.13467316937869822 0.36910306490384615 0.04807692307692308 0.09375
0 0.17919921875 0.1491020247781065 0.09375 0.052884615384615384
0 0.09864436945266272 0.1407434587647929 0.07211538461538461 0.0985576923076923
0 0.054170326368343194 0.09505882488905325 0.06971153846153846 0.0889423076923077
0 0.016873150887573966 0.07102614182692307 0.038461538461538464 0.09375
0 0.10947612333579881 0.02771646172337278 0.08413461538461539 0.06009615384615385
0 0.09749156342455621 0.001245261649408284 0.11298076923076923 0.036057692307692304
0 0.2116020247781065 0.07947716346153846 0.052884615384615384 0.125
0 0.21042610484467456 0.5217732988165681 0.07451923076923077 0.11538461538461539
