0 0.05298862795857988 0.18274431397928995 0.08653846153846154 0.04326923076923077
0 0.22486651719674558 0.20317989552514792 0.0889423076923077 0.04567307692307692
0 0.2632991632766272 0.34866748335798814 0.06490384615384616 0.09134615384615384
0 0.27893860946745563 0.4339953541050296 0.07692307692307693 0.08413461538461539
0 0.4629224066198225 0.2753299509985207 0.15144230769230768 0.07451923076923077
0 0.5541934402736687 0.2428982525887574 0.0889423076923077 0.09134615384615384
0 0.45083383413461536 0.322202061760355 0.09375 0.07211538461538461
0 0.5096731693786982 0.06620111409023668 0.04807692307692308 0.07932692307692307
0 0.3822924371301775 0.05415876941568047 0.0673076923076923 0.06009615384615385
0 0.11312523113905325 0.6118510771079881 0.1201923076923077 0.06009615384615385
0 0.7104261048446746 0.02177329881656805 0.07451923076923077 0.11538461538461539
