0 0.059053138868343194 0.002478966346153846 0.13221153846153846 0.0625
0 0.2801087509245562 0.072265625 0.05048076923076923 0.125
0 0.46767809264053256 0.009742511094674555 0.10817307692307693 0.10576923076923077
0 0.3270617603550296 0.22967998798076922 0.11538461538461539 0.09375
0 0.5794771634615384 0.1779712925295858 0.125 0.07211538461538461
0 0.37513868343195267 0.3113703078772189 0.11538461538461539 0.06009615384615385
0 0.5133453910872781 0.4196011695636095 0.10336538461538461 0.10817307692307693
0 0.4809136926775148 0.4928635817307692 0.1201923076923077 0.0625
0 0.21766075721153846 0.5938655695266273 0.09375 0.09615384615384616
0 0.22607132951183434 0.740505963387574 0.09134615384615384 0.10096153846153846
0 0.3173885909763313 0.7681588618713018 0.0673076923076923 0.10817307692307693
0 0.47368481878698226 0.8378530649038461 0.10576923076923077 0.09375
0 0.6900020802514792 0.6263666096523669 0.08173076923076923 0.13701923076923078
0 0.8511060003698224 0.6563655695266272 0.1201923076923077 0.09615384615384616
0 0.7308848002958579 0.853452061760355 0.09615384615384616 0.07211538461538461
0 0.8294944988905326 0.3150194156804734 0.13942307692307693 0.09615384615384616
