0 0.6455684865014792 0.23810211723372782 0.11298076923076923 0.10096153846153846
0 0.6948039940828402 0.2958059818786982 0.07692307692307693 0.11057692307692307
0 0.8150251941568047 0.375063563239645 0.10096153846153846 0.052884615384615384
0 0.8221616124260355 0.6094876802884616 0.038461538461538464 0.09375
0 0.6275251941568047 0.6971789478550297 0.10096153846153846 0.052884615384615384
0 0.6659636187130177 0.7861617048816568 0.08173076923076923 0.08653846153846154
0 0.6467386279585798 0.7656914524778107 0.08653846153846154 0.055288461538461536
0 0.4772472494452663 0.4748434032914201 0.06971153846153846 0.06971153846153846
0 0.43038669563609466 0.5060471754807693 0.08173076923076923 0.03125
0 0.4496001294378698 0.5529944064349113 0.0673076923076923 0.09134615384615384
0 0.2957366401627219 0.4099915634245562 0.052884615384615384 0.11298076923076923
0 0.22239910780325442 0.3750751201923077 0.036057692307692304 0.0625
0 0.1767722586908284 0.4520155325443787 0.07451923076923077 0.07692307692307693
0 0.14792610484467456 0.5120654585798816 0.07451923076923077 0.038461538461538464
0 0.16832123705621302 0.593830898668639 0.04326923076923077 0.0673076923076923
0 0.12987125554733728 0.8907550157174556 0.052884615384615384 0.10817307692307693
0 0.4616713664940828 0.10710116956360947 0.11057692307692307 0.10817307692307693
0 0.44607236963757396 0.21038565551035504 0.13221153846153846 0.040865384615384616
0 0.3606578217455621 0.2693174463757396 0.0673076923076923 0.07211538461538461
0 0.3174117048816568 0.2957366401627219 0.08653846153846154 0.052884615384615384
0 0.04580598187869822 0.3414732803254438 0.11057692307692307 0.10576923076923077
0 0.02774535410502959 0.3774963017751479 0.08413461538461539 0.07692307692307693
0 0.9171626525517751 0.16472991401627218 0.07932692307692307 0.055288461538461536
0 0.7873549602440828 0.11064626479289941 0.07932692307692307 0.057692307692307696
0 0.7921742095044378 0.0625751201923077 0.0889423076923077 0.0625
0 0.7644924186390532 0.014561760355029586 0.057692307692307696 0.11538461538461539
0 0.71520490477071 0.10105399408284024 0.05048076923076923 0.07692307692307693
0 0.6131714589497042 0.061370307877218935 0.15865384615384615 0.06009615384615385
0 0.23571560650887574 0.16238385262573965 0.11538461538461539 0.10336538461538461
0 0.12506356323964496 0.15279736039201183 0.052884615384615384 0.12740384615384615
