0 0.18639920025887574 0.8595050157174556 0.08413461538461539 0.10817307692307693
0 0.1647876987795858 0.7825588248890532 0.10336538461538461 0.0889423076923077
0 0.19719050480769232 0.5818636741863905 0.0625 0.11057692307692307
0 0.2537184495192308 0.5709856924926036 0.09375 0.06009615384615385
0 0.5241482525887574 0.5638377172707101 0.09134615384615384 0.11298076923076923
0 0.7188886834319527 0.4976770525147929 0.11538461538461539 0.0673076923076923
0 0.8378068370931953 0.29457227718195267 0.055288461538461536 0.08413461538461539
0 0.7152395756286982 0.2164559448964497 0.07932692307692307 0.09134615384615384
0 0.2416529909393491 0.2730243389423077 0.055288461538461536 0.15625
0 0.17917610484467456 0.09863859097633136 0.07451923076923077 0.0673076923076923
