0 0.7994030833949703 0.6984010955991125 0.10336538461538461 0.06971153846153846
0 0.8366829234467456 0.8570549417529586 0.1201923076923077 0.06971153846153846
0 0.4700819387943787 0.8342097355769231 0.10817307692307693 0.0625
0 0.7068752311390532 0.8197924371301776 0.1201923076923077 0.0673076923076923
0 0.5746001294378698 0.6611732618343195 0.0673076923076923 0.09615384615384616
0 0.6394635262573964 0.7296626525517751 0.03365384615384615 0.07932692307692307
0 0.74169921875 0.5096789478550297 0.09375 0.052884615384615384
0 0.4989165356878698 0.42915876941568043 0.0985576923076923 0.06009615384615385
0 0.8126097910502958 0.06858762481508876 0.09134615384615384 0.06490384615384616
0 0.6142607017381657 0.4820607202292899 0.06490384615384616 0.07451923076923077
0 0.5289097170857988 0.5385424371301775 0.052884615384615384 0.0673076923076923
0 0.12268283099112426 0.40752415403106507 0.07211538461538461 0.06009615384615385
0 0.2092675203402367 0.21520490477071005 0.11057692307692307 0.05048076923076923
