0 0.1455684865014793 0.7381021172337279 0.11298076923076923 0.10096153846153846
0 0.19480399408284022 0.7958059818786982 0.07692307692307693 0.11057692307692307
0 0.31502519415680474 0.875063563239645 0.10096153846153846 0.052884615384615384
0 0.5013088248890533 0.8137972679363905 0.0889423076923077 0.07932692307692307
0 0.599889631102071 0.8498491817677516 0.10817307692307693 0.07451923076923077
0 0.5229838896079881 0.857078055658284 0.12259615384615384 0.0889423076923077
0 0.8762799325073964 0.6815741725221893 0.06490384615384616 0.06971153846153846
0 0.5673712555473374 0.5734068740754438 0.052884615384615384 0.07451923076923077
0 0.8379224066198224 0.8053578032544378 0.15144230769230768 0.057692307692307696
0 0.7416414339866864 0.6455453725961539 0.04567307692307692 0.09375
0 0.6623549602440828 0.7043904863165681 0.07932692307692307 0.052884615384615384
0 0.5421337601701184 0.7116482525887574 0.055288461538461536 0.09134615384615384
0 0.5842501849112426 0.43153950166420113 0.09615384615384616 0.040865384615384616
0 0.4928520247781065 0.6130847818047337 0.052884615384615384 0.08653846153846154
0 0.41716265255177515 0.6647299140162721 0.07932692307692307 0.055288461538461536
0 0.28735496024408286 0.6106462647928994 0.07932692307692307 0.057692307692307696
0 0.39672129252958577 0.48447612333579887 0.07211538461538461 0.08413461538461539
0 0.38345680011094674 0.484510794193787 0.036057692307692304 0.11298076923076923
0 0.2921742095044379 0.5625751201923077 0.0889423076923077 0.0625
0 0.26449241863905326 0.5145617603550297 0.057692307692307696 0.11538461538461539
0 0.21520490477071005 0.6010539940828402 0.05048076923076923 0.07692307692307693
0 0.11317145894970414 0.5613703078772189 0.15865384615384615 0.06009615384615385
0 0.20680011094674558 0.3702905417899408 0.057692307692307696 0.08173076923076923
0 0.10348095414201183 0.478452061760355 0.09615384615384616 0.07211538461538461
