0 0.41958961261094674 0.8883396126109468 0.0985576923076923 0.0985576923076923
0 0.3883164987056213 0.8126213480029586 0.07932692307692307 0.10096153846153846
0 0.21764920025887574 0.7862079326923077 0.08413461538461539 0.125
0 0.09867326183431951 0.6539848372781065 0.09615384615384616 0.11538461538461539
0 0.16121371116863903 0.3739165356878698 0.12980769230769232 0.0985576923076923
0 0.1275598650147929 0.5397761418269231 0.12980769230769232 0.09375
0 0.19959435096153846 0.6059252496301775 0.0625 0.12980769230769232
0 0.2957944249260355 0.5530175203402367 0.10096153846153846 0.11057692307692307
0 0.3570549417529586 0.3235051081730769 0.06971153846153846 0.15625
0 0.3282723511464497 0.18760979105029588 0.12259615384615384 0.09134615384615384
