0 0.08789351423816567 0.6755269970414202 0.12740384615384615 0.038461538461538464
0 0.0013088248890532545 0.3137972679363905 0.0889423076923077 0.07932692307692307
0 0.09988963110207101 0.3498491817677515 0.10817307692307693 0.07451923076923077
0 0.022983889607988164 0.35707805565828404 0.12259615384615384 0.0889423076923077
0 0.40395016642011833 0.7969530094304733 0.08653846153846154 0.06490384615384616
0 0.6346731693786982 0.8691030649038461 0.04807692307692308 0.09375
0 0.22841739090236685 0.5409578402366864 0.04326923076923077 0.07692307692307693
0 0.67919921875 0.6491020247781065 0.09375 0.052884615384615384
0 0.5986443694526626 0.640743458764793 0.07211538461538461 0.0985576923076923
0 0.5541703263683432 0.5950588248890533 0.06971153846153846 0.0889423076923077
0 0.516873150887574 0.5710261418269231 0.038461538461538464 0.09375
0 0.6094761233357988 0.5277164617233727 0.08413461538461539 0.06009615384615385
0 0.5974915634245562 0.5012452616494083 0.11298076923076923 0.036057692307692304
0 0.5312788923816568 0.38832227718195267 0.02403846153846154 0.08413461538461539
0 0.38587220321745563 0.5625924556213018 0.04567307692307692 0.07692307692307693
0 0.6936165171967456 0.42439730491863903 0.0889423076923077 0.0985576923076923
0 0.5481751571745562 0.25612807414940825 0.08173076923076923 0.0985576923076923
0 0.5841981786242604 0.17921077570266272 0.052884615384615384 0.10336538461538461
0 0.537389631102071 0.07460590791420119 0.10817307692307693 0.07211538461538461
0 0.5433154585798816 0.151575212647929 0.038461538461538464 0.11057692307692307
0 0.46286462185650884 0.11185685558431951 0.10336538461538461 0.06490384615384616
0 0.4616540310650888 0.20078760632396447 0.09615384615384616 0.055288461538461536
0 0.3762799325073965 0.18157417252218935 0.06490384615384616 0.06971153846153846
0 0.06737125554733728 0.07340687407544379 0.052884615384615384 0.07451923076923077
0 0.3379224066198225 0.3053578032544379 0.15144230769230768 0.057692307692307696
0 0.2416414339866864 0.14554537259615385 0.04567307692307692 0.09375
0 0.16235496024408286 0.20439048631656803 0.07932692307692307 0.052884615384615384
0 0.04213376017011834 0.2116482525887574 0.055288461538461536 0.09134615384615384
0 0.7116020247781065 0.5794771634615384 0.052884615384615384 0.125
