0 0.07096257858727811 0.7225146773298816 0.040865384615384616 0.13221153846153846
0 0.3041703263683432 0.8427012065458579 0.06971153846153846 0.12740384615384615
0 0.3222193971893491 0.8439291327662721 0.08653846153846154 0.14903846153846154
0 0.4279828494822485 0.7837694156804733 0.08173076923076923 0.09615384615384616
0 0.8294598280325444 0.811387643306213 0.11057692307692307 0.07451923076923077
0 0.09861547707100592 0.6311627450073964 0.04807692307692308 0.12740384615384615
0 0.12268860946745562 0.5734126525517751 0.07692307692307693 0.07932692307692307
0 0.23083279400887574 0.6011060003698225 0.052884615384615384 0.1201923076923077
0 0.43162040033284027 0.4976828309911242 0.10817307692307693 0.07211538461538461
0 0.5277395756286982 0.4244030833949704 0.07932692307692307 0.10336538461538461
0 0.31746371116863903 0.4315741725221894 0.12980769230769232 0.06971153846153846
0 0.061445428069526624 0.3955049232618343 0.12259615384615384 0.06009615384615385
0 0.09384823409763314 0.4304213664940828 0.08173076923076923 0.11057692307692307
