0 0.4400194156804734 0.019265440088757396 0.09615384615384616 0.028846153846153848
0 0.5193636741863905 0.06863963110207101 0.11057692307692307 0.10817307692307693
0 0.6576281666050297 0.03130200628698225 0.1466346153846154 0.04326923076923077
0 0.29818093565088755 0.2296222032174556 0.08653846153846154 0.04567307692307692
0 0.5409636187130178 0.33540876941568043 0.08173076923076923 0.06009615384615385
0 0.3991193602071006 0.30061367418639057 0.0673076923076923 0.11057692307692307
0 0.3450183755547337 0.3342328494822485 0.055288461538461536 0.08173076923076923
0 0.6311049602440828 0.5060645109097633 0.07932692307692307 0.04567307692307692
0 0.6251097910502958 0.5950299325073964 0.09134615384615384 0.06490384615384616
0 0.6467501849112426 0.7007876063239645 0.09615384615384616 0.055288461538461536
0 0.4772761418269231 0.25367800018491127 0.09375 0.06009615384615385
0 0.39551648021449703 0.1466750647189349 0.06971153846153846 0.03365384615384615
0 0.7320491632766272 0.27535306490384615 0.06490384615384616 0.09375
0 0.6887625970784023 0.4988992002588758 0.05048076923076923 0.08413461538461539
0 0.8270790957840237 0.5746001294378698 0.12980769230769232 0.0673076923076923
0 0.7152511325813609 0.7104723326553254 0.0889423076923077 0.11298076923076923
0 0.8293789293639053 0.6479549972263314 0.04326923076923077 0.0985576923076923
0 0.9147299140162721 0.7104549972263314 0.055288461538461536 0.0985576923076923
0 0.8353914339866864 0.765743458764793 0.04567307692307692 0.0985576923076923
0 0.9243337416789941 0.3210550342085799 0.04567307692307692 0.11778846153846154
