0 0.5937904493343196 0.06740592640532544 0.03365384615384615 0.08173076923076923
0 0.551749144785503 0.2584799140162722 0.055288461538461536 0.055288461538461536
0 0.6791645478920117 0.25005778476331364 0.06490384615384616 0.04807692307692308
0 0.6250693417159763 0.36427803716715973 0.057692307692307696 0.07932692307692307
0 0.45682322485207105 0.6394866401627219 0.07692307692307693 0.052884615384615384
0 0.3173943694526627 0.7572693232248521 0.07211538461538461 0.04807692307692308
0 0.22601932322485208 0.8858837601701184 0.04807692307692308 0.055288461538461536
0 0.11543084319526627 0.46526268953402367 0.038461538461538464 0.0985576923076923
0 0.13465583394970412 0.5661953356139053 0.03365384615384615 0.07451923076923077
0 0.07102614182692307 0.6875693417159763 0.09375 0.057692307692307696
0 0.7873318463387574 0.8786953356139053 0.06009615384615385 0.07451923076923077
0 0.05300596338757397 0.2873029539571006 0.10096153846153846 0.036057692307692304
