0 0.24407417252218935 0.7922493296967456 0.06971153846153846 0.15144230769230768
0 0.37876467732988167 0.8246001294378699 0.13221153846153846 0.0673076923076923
0 0.2753357294748521 0.8498665171967456 0.07932692307692307 0.0889423076923077
0 0.6070722771819527 0.8089664617233728 0.08413461538461539 0.06009615384615385
0 0.6226654955621301 0.7549059264053254 0.057692307692307696 0.08173076923076923
0 0.534939557137574 0.7416645478920117 0.06971153846153846 0.06490384615384616
0 0.6010424371301775 0.6215531388683432 0.0673076923076923 0.13221153846153846
0 0.2705627080251479 0.5073097725591716 0.10817307692307693 0.08173076923076923
0 0.14914247411242604 0.5757933848002958 0.08653846153846154 0.06009615384615385
0 0.050584781804733726 0.15276268953402367 0.08653846153846154 0.0985576923076923
0 0.15634245562130175 0.17075975406804733 0.07692307692307693 0.07211538461538461
0 0.5253472864275148 0.048186714127218935 0.0889423076923077 0.09134615384615384
0 0.6407261233357988 0.9075357109837279 0.08413461538461539 0.06971153846153846
