0 0.4651991262943787 0.47483184633875736 0.04567307692307692 0.06009615384615385
0 0.2488760863535503 0.5505385539940828 0.06490384615384616 0.04807692307692308
0 0.04694723095414201 0.5757876063239645 0.06009615384615385 0.055288461538461536
0 0.18037513868343197 0.6635077662721893 0.07211538461538461 0.038461538461538464
0 0.3786722217085799 0.6707250832100592 0.055288461538461536 0.04326923076923077
0 0.14428855399408283 0.704373150887574 0.04807692307692308 0.038461538461538464
0 0.506076067862426 0.2656683385724852 0.055288461538461536 0.036057692307692304
0 0.2993510771079882 0.8293904863165681 0.06009615384615385 0.052884615384615384
0 0.1767260308801775 0.8510482156065089 0.036057692307692304 0.07211538461538461
0 0.2019981971153846 0.8786664432322484 0.0625 0.05048076923076923
0 0.1587058524408284 0.9123318463387574 0.04326923076923077 0.06009615384615385
0 0.4928520247781065 0.11543662167159763 0.052884615384615384 0.04326923076923077
0 0.3269808616863905 0.060159717085798814 0.04807692307692308 0.052884615384615384
0 0.2849164432322485 0.04933952015532544 0.05048076923076923 0.05048076923076923
