0 0.21888868343195267 0.7140636556952663 0.11538461538461539 0.10096153846153846
0 0.016942492603550297 0.2369030833949704 0.09615384615384616 0.10336538461538461
0 0.823395317122781 0.7970165726701184 0.06490384615384616 0.11778846153846154
0 0.7140636556952663 0.5649905232988165 0.10096153846153846 0.07211538461538461
0 0.6058790218195266 0.5938771264792899 0.09134615384615384 0.10576923076923077
0 0.4904886279585799 0.5145559818786982 0.08653846153846154 0.11057692307692307
0 0.45205020340236685 0.34022224019970415 0.10576923076923077 0.06490384615384616
0 0.35587324334319526 0.05059633875739645 0.08653846153846154 0.09615384615384616
0 0.7560818463387574 0.07102614182692307 0.06009615384615385 0.09375
0 0.6455107017381656 0.018141526442307692 0.06490384615384616 0.09375
0 0.8258453910872781 0.025306837093195263 0.10336538461538461 0.055288461538461536
0 0.8822751017011835 0.06746371116863906 0.052884615384615384 0.12980769230769232
