0 0.7223991078032544 0.8750751201923077 0.036057692307692304 0.0625
0 0.8606578217455622 0.7693174463757396 0.0673076923076923 0.07211538461538461
0 0.8174117048816568 0.7957366401627219 0.08653846153846154 0.052884615384615384
0 0.5458059818786982 0.8414732803254439 0.11057692307692307 0.10576923076923077
0 0.5277453541050297 0.8774963017751479 0.08413461538461539 0.07692307692307693
0 0.8679155880177516 0.48324241863905326 0.10576923076923077 0.057692307692307696
0 0.9039154955621301 0.4099742279955621 0.057692307692307696 0.0985576923076923
0 0.7357156065088758 0.6623838526257396 0.11538461538461539 0.10336538461538461
0 0.625063563239645 0.6527973603920117 0.052884615384615384 0.12740384615384615
0 0.4351828309911242 0.7248838526257396 0.07211538461538461 0.10336538461538461
