0 0.7488760863535503 0.05053855399408284 0.06490384615384616 0.04807692307692308
0 0.546947230954142 0.0757876063239645 0.06009615384615385 0.055288461538461536
0 0.3426203078772189 0.0517433663091716 0.06009615384615385 0.05048076923076923
0 0.6803751386834319 0.16350776627218935 0.07211538461538461 0.038461538461538464
0 0.8786722217085798 0.17072508321005916 0.055288461538461536 0.04326923076923077
0 0.6442885539940828 0.20437315088757396 0.04807692307692308 0.038461538461538464
0 0.7993510771079883 0.3293904863165681 0.06009615384615385 0.052884615384615384
0 0.6767260308801776 0.35104821560650884 0.036057692307692304 0.07211538461538461
0 0.7019981971153846 0.3786664432322485 0.0625 0.05048076923076923
0 0.6587058524408285 0.41233184633875736 0.04326923076923077 0.06009615384615385
0 0.25846835706360943 0.29454338480029585 0.04567307692307692 0.06009615384615385
0 0.22600776627218935 0.4928751386834319 0.038461538461538464 0.07211538461538461
0 0.8053578032544378 0.7560645109097633 0.057692307692307696 0.04567307692307692
0 0.7657030094304733 0.8570087139423077 0.06490384615384616 0.03125
0 0.18392601238905326 0.01930011094674556 0.026442307692307692 0.057692307692307696
0 0.42674914478550297 0.387071237056213 0.055288461538461536 0.04326923076923077
0 0.054124098557692304 0.3101828309911242 0.03125 0.07211538461538461
0 0.09257985854289941 0.5373318463387574 0.026442307692307692 0.06009615384615385
0 0.007269323224852071 0.6046222032174556 0.04807692307692308 0.04567307692307692
0 0.2308096801035503 0.7043962647928994 0.03365384615384615 0.057692307692307696
0 0.7176145294008875 0.8714606832470414 0.055288461538461536 0.055288461538461536
0 0.3089606832470414 0.7632587139423077 0.055288461538461536 0.03125
0 0.41591739090236685 0.8846905048076923 0.04326923076923077 0.0625
0 0.421947230954142 0.931522166235207 0.06009615384615385 0.026442307692307692
0 0.00366066475591716 0.14430588942307693 0.04567307692307692 0.0625
0 8.66771449704142e-05 0.030126086353550297 0.07211538461538461 0.06490384615384616
0 0.2969761233357988 0.9315510586168638 0.08413461538461539 0.05048076923076923
