0 0.08062419101331361 0.31863963110207105 0.07932692307692307 0.10817307692307693
0 0.04694723095414201 0.08187523113905325 0.06009615384615385 0.1201923076923077
0 0.002513637204142012 0.18637030787721895 0.09134615384615384 0.06009615384615385
0 0.0758164987056213 0.1419424926035503 0.07932692307692307 0.09615384615384616
0 0.4580395941198225 0.0998318463387574 0.0889423076923077 0.06009615384615385
0 0.5073271079881657 0.10464531712278105 0.09615384615384616 0.06490384615384616
0 0.584192400147929 0.09624630177514794 0.04807692307692308 0.07692307692307693
0 0.6515636556952663 0.10703182784763314 0.10096153846153846 0.05048076923076923
0 0.7248549602440828 0.04457805565828402 0.07932692307692307 0.0889423076923077
0 0.2092617418639053 0.09983762481508875 0.10576923076923077 0.06490384615384616
0 0.20563574796597633 0.055375138683431954 0.0889423076923077 0.07211538461538461
0 0.8871463572485208 0.4544424926035503 0.10576923076923077 0.09615384615384616
