0 0.11423758783284024 0.4736501479289941 0.04567307692307692 0.07692307692307693
0 0.2344819018121302 0.4256078957100592 0.0889423076923077 0.10576923076923077
0 0.2825819387943787 0.5325819387943788 0.10817307692307693 0.10817307692307693
0 0.10707227718195265 0.3089664617233728 0.08413461538461539 0.06009615384615385
0 0.12266549556213018 0.25490592640532544 0.057692307692307696 0.08173076923076923
0 0.03493955713757397 0.24166454789201183 0.06971153846153846 0.06490384615384616
0 0.10104243713017752 0.1215531388683432 0.0673076923076923 0.13221153846153846
0 0.48926648021449703 0.1479665541789941 0.06971153846153846 0.10817307692307693
0 0.6178866956360947 0.19124156342455623 0.08173076923076923 0.11298076923076923
0 0.14072612333579881 0.4075357109837278 0.08413461538461539 0.06971153846153846
