0 0.17321560650887574 0.4832828679733728 0.11538461538461539 0.09134615384615384
0 0.055375138683431954 0.2164906157544379 0.07211538461538461 0.1201923076923077
0 0.1239627634985207 0.0013030464127218935 0.13701923076923078 0.08413461538461539
0 0.3150483080621302 0.03136556952662722 0.1201923076923077 0.09615384615384616
0 0.4856404863165681 0.17203390809911243 0.052884615384615384 0.13221153846153846
0 0.472520455806213 0.41716265255177515 0.13701923076923078 0.07932692307692307
0 0.8270386464497042 0.002478966346153846 0.09615384615384616 0.0625
0 0.3210434772559172 0.5877837231878698 0.10817307692307693 0.036057692307692304
0 0.8354549972263314 0.29457805565828404 0.0985576923076923 0.0889423076923077
0 0.7272819203032544 0.7813366771449703 0.0985576923076923 0.07211538461538461
0 0.8739107572115384 0.5433327940088758 0.09375 0.052884615384615384
0 0.6383742834689349 0.6695318278476331 0.12740384615384615 0.05048076923076923
0 0.650399292714497 0.691189557137574 0.13221153846153846 0.06971153846153846
