0 0.1599453356139053 0.763328055658284 0.07451923076923077 0.0889423076923077
0 0.2308501294378698 0.8642549232618344 0.0673076923076923 0.06009615384615385
0 0.12630882488905326 0.6286722217085798 0.0889423076923077 0.055288461538461536
0 0.0842212925295858 0.5866309171597633 0.07211538461538461 0.07692307692307693
0 0.08303959411982248 0.2669078217455621 0.0889423076923077 0.0673076923076923
0 0.11788669563609468 0.05417610484467456 0.08173076923076923 0.07451923076923077
0 0.3702905417899408 0.15396172337278105 0.08173076923076923 0.09615384615384616
0 0.5625866771449703 0.1527280186760355 0.07211538461538461 0.06971153846153846
0 0.7501040125739645 0.14072034485946744 0.08653846153846154 0.07932692307692307
0 0.77294921875 0.4856751571745562 0.09375 0.08173076923076923
0 0.7717270710059172 0.7717212925295858 0.07692307692307693 0.07211538461538461
0 0.39913091715976334 0.7380558894230769 0.07692307692307693 0.0625
0 0.9135482156065089 0.5902222401997042 0.07211538461538461 0.06490384615384616
