0 0.842620307877219 0.5517433663091716 0.06009615384615385 0.05048076923076923
0 0.7584683570636095 0.7945433848002958 0.04567307692307692 0.06009615384615385
0 0.668321237056213 0.42074819711538464 0.04326923076923077 0.0625
0 0.9291298770340237 0.24646646172337278 0.036057692307692304 0.06009615384615385
0 0.6839260123890532 0.5193001109467456 0.026442307692307692 0.057692307692307696
0 0.926749144785503 0.887071237056213 0.055288461538461536 0.04326923076923077
0 0.5541240985576923 0.8101828309911242 0.03125 0.07211538461538461
0 0.5036606647559172 0.6443058894230769 0.04567307692307692 0.0625
0 0.5000866771449703 0.5301260863535503 0.07211538461538461 0.06490384615384616
0 0.3065972864275148 0.5048539201183432 0.0889423076923077 0.038461538461538464
