0 0.14070300943047337 0.8715473603920117 0.06490384615384616 0.12740384615384615
0 0.11309633875739644 0.7897819203032544 0.09615384615384616 0.0985576923076923
0 0.17438574796597633 0.7729954465606509 0.0889423076923077 0.13221153846153846
0 0.17195878790680474 0.6984415449334319 0.06971153846153846 0.10336538461538461
0 0.2537126710428994 0.6179155880177516 0.0889423076923077 0.10576923076923077
0 0.25005200628698226 0.8378588433801776 0.04326923076923077 0.0985576923076923
0 0.19722517566568049 0.9027337971523669 0.09134615384615384 0.07451923076923077
0 0.3402280186760355 0.7200646033653846 0.06971153846153846 0.09375
0 0.4748376248150888 0.8558963572485208 0.06490384615384616 0.10576923076923077
0 0.05538669563609467 0.496518468010355 0.08173076923076923 0.10336538461538461
0 0.19841265255177515 0.33902898483727806 0.07932692307692307 0.07211538461538461
