0 0.02534728642751479 0.5481867141272189 0.0889423076923077 0.09134615384615384
0 0.05298862795857988 0.37148379715236685 0.08653846153846154 0.07451923076923077
0 0.09622318786982248 0.42677803716715973 0.057692307692307696 0.07932692307692307
0 0.05056744637573965 0.20200397559171596 0.07211538461538461 0.0673076923076923
0 0.38950397559171596 0.1936107387204142 0.0673076923076923 0.08413461538461539
0 0.49294448039940825 0.41232028938609466 0.12980769230769232 0.05048076923076923
0 0.6070722771819527 0.4857618343195266 0.08413461538461539 0.15384615384615385
0 0.5085145848742604 0.9291587694156805 0.08413461538461539 0.06009615384615385
0 0.21281839404585798 0.1551665356878698 0.06490384615384616 0.0985576923076923
0 0.2657203448594675 0.12991170488165682 0.07932692307692307 0.08653846153846154
