0 0.4628357294748521 0.7729665541789941 0.07932692307692307 0.10817307692307693
0 0.5806241910133136 0.818639631102071 0.07932692307692307 0.10817307692307693
0 0.2560818463387574 0.5710261418269231 0.06009615384615385 0.09375
0 0.14551070173816566 0.5181415264423077 0.06490384615384616 0.09375
0 0.2561107387204142 0.34264342178254437 0.08413461538461539 0.07932692307692307
0 0.2789559448964497 0.4796742095044379 0.09134615384615384 0.0889423076923077
0 0.32584539108727806 0.5253068370931953 0.10336538461538461 0.055288461538461536
0 0.38227510170118345 0.567463711168639 0.052884615384615384 0.12980769230769232
0 0.4195491632766272 0.4941261788091716 0.06490384615384616 0.11298076923076923
0 0.46883089866863903 0.39195982803254437 0.0673076923076923 0.11057692307692307
0 0.3282030094304734 0.38839161889792895 0.06490384615384616 0.14182692307692307
0 0.546947230954142 0.5818752311390533 0.06009615384615385 0.1201923076923077
0 0.502513637204142 0.686370307877219 0.09134615384615384 0.06009615384615385
0 0.5758164987056212 0.6419424926035503 0.07932692307692307 0.09615384615384616
0 0.7092617418639053 0.5998376248150887 0.10576923076923077 0.06490384615384616
0 0.7056357479659763 0.5553751386834319 0.0889423076923077 0.07211538461538461
0 0.6322866586538461 0.4628588433801775 0.0625 0.0985576923076923
0 0.6911953356139053 0.4880558894230769 0.07451923076923077 0.0625
0 0.6407030094304733 0.37154736039201186 0.06490384615384616 0.12740384615384615
0 0.6130963387573964 0.28978192030325445 0.09615384615384616 0.0985576923076923
0 0.6743857479659763 0.2729954465606509 0.0889423076923077 0.13221153846153846
0 0.6719587879068047 0.19844154493343197 0.06971153846153846 0.10336538461538461
0 0.7537126710428994 0.11791558801775147 0.0889423076923077 0.10576923076923077
0 0.7500520062869823 0.3378588433801775 0.04326923076923077 0.0985576923076923
0 0.6972251756656805 0.40273379715236685 0.09134615384615384 0.07451923076923077
0 0.8402280186760355 0.2200646033653846 0.06971153846153846 0.09375
0 0.830629969489645 0.4244435327292899 0.08413461538461539 0.13701923076923078
