0 0.5529886279585798 0.8714837971523669 0.08653846153846154 0.07451923076923077
0 0.03620215421597633 0.5229145478920119 0.1201923076923077 0.06490384615384616
0 0.38594732340976334 0.4375751201923077 0.10817307692307693 0.0625
0 0.35945878790680474 0.4856867141272189 0.06971153846153846 0.09134615384615384
0 0.5505674463757396 0.702003975591716 0.07211538461538461 0.0673076923076923
0 0.889503975591716 0.6936107387204142 0.0673076923076923 0.08413461538461539
0 0.7128183940458579 0.6551665356878699 0.06490384615384616 0.0985576923076923
0 0.7657203448594674 0.6299117048816568 0.07932692307692307 0.08653846153846154
0 0.8270386464497042 0.4521311020710059 0.09615384615384616 0.17307692307692307
0 0.7033185789571006 0.4147645848742604 0.16105769230769232 0.08413461538461539
0 0.6792107757026626 0.2622388128698225 0.10336538461538461 0.18269230769230768
