0 0.0037242279955621302 0.030212763498520707 0.0985576923076923 0.13701923076923078
0 0.6551896495931953 0.14558004345414202 0.11778846153846154 0.12259615384615384
0 0.5493568555843196 0.21281839404585798 0.06490384615384616 0.06490384615384616
0 0.8126097910502958 0.14438678809171598 0.09134615384615384 0.12980769230769232
0 0.7441435142381656 0.46047233265532544 0.12740384615384615 0.11298076923076923
0 0.7921395386464497 0.7237483820266272 0.06009615384615385 0.15865384615384615
0 0.8113818648298816 0.7561743019600592 0.06971153846153846 0.13701923076923078
0 0.2886060003698225 0.7837925295857988 0.1201923076923077 0.11538461538461539
0 0.38959643121301774 0.7789790588017751 0.14423076923076922 0.11057692307692307
0 0.3211012620192308 0.6467039571005917 0.15625 0.057692307692307696
0 0.4184599204881657 0.5962231878698225 0.15865384615384615 0.057692307692307696
