0 0.8173943694526626 0.2572693232248521 0.07211538461538461 0.04807692307692308
0 0.7260193232248521 0.38588376017011833 0.04807692307692308 0.055288461538461536
0 0.045771311020710054 0.1286837786612426 0.08173076923076923 0.06490384615384616
0 0.6346558339497042 0.06619533561390532 0.03365384615384615 0.07451923076923077
0 0.5710261418269231 0.18756934171597633 0.09375 0.057692307692307696
0 0.21526846801035504 0.6154481786242604 0.10336538461538461 0.052884615384615384
0 0.33420395710059175 0.8053982525887574 0.057692307692307696 0.09134615384615384
0 0.3919078217455621 0.8462578587278107 0.0673076923076923 0.08653846153846154
0 0.5614165356878698 0.9435645109097633 0.0985576923076923 0.04567307692307692
0 0.9026991262943788 0.8126040125739645 0.04567307692307692 0.08653846153846154
