0 0.13354925573224852 0.36669921875 0.11298076923076923 0.09375
0 0.30903002496301774 0.6335203633505917 0.11298076923076923 0.0889423076923077
0 0.258508806397929 0.7922146588387574 0.07932692307692307 0.12259615384615384
0 0.48941672059911245 0.8510539940828402 0.19471153846153846 0.07692307692307693
0 0.8691088433801776 0.6816088433801776 0.0985576923076923 0.0985576923076923
0 0.8209625785872781 0.39917714497041423 0.040865384615384616 0.11538461538461539
0 0.4292107757026627 0.21287040033284022 0.10336538461538461 0.10817307692307693
0 0.7440741725221893 0.29224932969674555 0.06971153846153846 0.15144230769230768
0 0.7753357294748521 0.34986651719674555 0.07932692307692307 0.0889423076923077
0 0.7705627080251479 0.007309772559171598 0.10817307692307693 0.08173076923076923
0 0.649142474112426 0.07579338480029586 0.08653846153846154 0.06009615384615385
0 0.31026950813609466 0.044543384800295856 0.14423076923076922 0.06009615384615385
0 0.3198097725591716 0.12635505269970412 0.08173076923076923 0.12740384615384615
0 0.2873145109097633 0.2513030464127219 0.04567307692307692 0.08413461538461539
0 0.23683952015532544 0.1996174648668639 0.05048076923076923 0.08173076923076923
0 0.15874052329881658 0.10706072022928993 0.07211538461538461 0.07451923076923077
0 0.12030209874260356 0.024130917159763312 0.09134615384615384 0.07692307692307693
